25.000000
25.000000
25.000000
25.000000
25.000000
25.000000
25.000000
25.000000
25.000000
25.000000
25.000000
25.000000
25.000000
25.000000
25.000000
25.000000
25.000000
25.000000
25.000000
25.000000
95.668686
91.354416
87.073837
82.842827
78.676147
74.587128
70.587311
66.686249
62.891273
59.207314
55.636826
52.179729
48.833408
45.592781
42.450420
39.396725
36.420124
33.507336
30.643684
27.813406
25.000000
25.000000
25.000000
25.000000
25.000000
25.000000
25.000000
25.000000
25.000000
25.000000
25.000000
25.000000
25.000000
25.000000
25.000000
25.000000
25.000000
25.000000
25.000000
25.000000
95.668686
91.354416
87.073837
82.842827
78.676147
74.587128
70.587311
66.686249
62.891273
59.207314
55.636826
52.179729
48.833408
45.592781
42.450420
39.396725
36.420124
33.507336
30.643684
27.813406
25.000000
25.000000
25.000000
25.000000
25.000000
25.000000
25.000000
25.000000
25.000000
25.000000
25.000000
25.000000
25.000000
25.000000
25.000000
25.000000
25.000000
25.000000
25.000000
25.000000
95.668686
91.354416
87.073837
82.842827
78.676147
74.587128
70.587311
66.686249
62.891273
59.207314
55.636826
52.179729
48.833408
45.592781
42.450420
39.396725
36.420124
33.507336
30.643684
27.813406
25.000000
25.000000
25.000000
25.000000
25.000000
25.000000
25.000000
25.000000
25.000000
25.000000
25.000000
25.000000
25.000000
25.000000
25.000000
25.000000
25.000000
25.000000
25.000000
25.000000
95.668686
91.354416
87.073837
82.842827
78.676147
74.587128
70.587311
66.686249
62.891273
59.207314
55.636826
52.179729
48.833408
45.592781
42.450420
39.396725
36.420124
33.507336
30.643684
27.813406
